SOLVABLE:  ('other-half', 17, 2) ('other-half', 7, 2)
After check, go to resolve
SOLUTION
Length of path: 28
5 4 7 
6 0 2 
8 1 3 
-----------
5 4 7 
6 1 2 
8 0 3 
-----------
5 4 7 
6 1 2 
8 3 0 
-----------
5 4 7 
6 1 0 
8 3 2 
-----------
5 4 0 
6 1 7 
8 3 2 
-----------
5 0 4 
6 1 7 
8 3 2 
-----------
5 1 4 
6 0 7 
8 3 2 
-----------
5 1 4 
0 6 7 
8 3 2 
-----------
0 1 4 
5 6 7 
8 3 2 
-----------
1 0 4 
5 6 7 
8 3 2 
-----------
1 6 4 
5 0 7 
8 3 2 
-----------
1 6 4 
5 7 0 
8 3 2 
-----------
1 6 4 
5 7 2 
8 3 0 
-----------
1 6 4 
5 7 2 
8 0 3 
-----------
1 6 4 
5 0 2 
8 7 3 
-----------
1 6 4 
0 5 2 
8 7 3 
-----------
1 6 4 
8 5 2 
0 7 3 
-----------
1 6 4 
8 5 2 
7 0 3 
-----------
1 6 4 
8 0 2 
7 5 3 
-----------
1 0 4 
8 6 2 
7 5 3 
-----------
1 4 0 
8 6 2 
7 5 3 
-----------
1 4 2 
8 6 0 
7 5 3 
-----------
1 4 2 
8 6 3 
7 5 0 
-----------
1 4 2 
8 6 3 
7 0 5 
-----------
1 4 2 
8 0 3 
7 6 5 
-----------
1 0 2 
8 4 3 
7 6 5 
-----------
1 2 0 
8 4 3 
7 6 5 
-----------
1 2 3 
8 4 0 
7 6 5 
-----------
1 2 3 
8 0 4 
7 6 5 
-----------
